desc	IAPS	valmn	valsd	aromn	arosd	dom1mn	dom1sd	dom2mn	dom2sd	set
Snake	1019	3.95	1.96	5.77	1.83	4.23	2.08			12
Snake	1022	4.26	2.04	6.02	1.97	3.9	2.21			12
Snake	1030	4.30	2.35	5.46	2.43	4.56	2.43			1
Snake	1040	3.99	2.24	6.25	2.13	3.92	2.13			1
Snake	1050	3.46	2.15	6.87	1.68	3.08	1.93			6
Snake	1051	3.80	1.75	5.95	1.98	3.8	2.21			12
Snake	1052	3.50	1.87	6.52	2.23	3.36	2.26			11
Snake	1070	3.96	2.30	6.16	2.08	3.71	2.08			1
Snake	1080	4.24	2.08	5.69	2.28	4.33	2.28			1
Snake	1090	3.70	1.90	5.88	2.15	3.82	2.27			2
Snake	1101	4.10	1.85	5.83	2.25	4.13	2.3			11
Snake	1110	3.84	1.89	5.96	2.16	3.84	2.31			2
Snakes	1111	3.25	1.64	5.20	2.25	4.8	2.41	4.34	2.06	7
Snake	1112	4.71	1.70	4.60	2.44	5.27	2.2			8
Snake	1113	3.81	1.75	6.06	2.12	3.91	2.1			8
Snake	1114	4.03	2.16	6.33	2.17			4	2.49	14
Snake	1120	3.79	1.93	6.93	1.68	3.87	2.31			3
Lizard	1121	5.79	1.61	4.83	1.98	5.89	1.99			11
Spider	1200	3.95	2.22	6.03	2.38	4.33	2.38			1
Spider	1201	3.55	1.88	6.36	2.11	3.87	2.3	3.63	2.27	7
Spider	1205	3.65	1.76	5.79	2.18			4.1	2.19	14
Spider	1220	3.47	1.82	5.57	2.34	4.54	2.34			1
Spider	1230	4.09	1.63	4.85	2.25	4.58	2.25			1
Spider	1230	4.61	1.74	4.03	2.41	5.6	1.96			2
Spider	1240	4.22	1.94	4.92	2.17	4.95	2.17			1
Roach	1270	3.68	1.85	4.77	2.44	5.25	2.48			4
Roaches	1274	3.17	1.53	5.39	2.39	5.03	2.38			5
Roaches	1275	3.30	1.65	4.81	2.22	5.11	2.23			6
Rat	1280	3.66	1.75	4.93	2.01	5.05	2.2			4
PitBull	1300	3.55	1.78	6.79	1.84	3.49	2.1			3
Dog	1301	3.70	1.66	5.77	2.18	3.96	1.98			8
Dog	1302	4.21	1.78	6.00	1.87	4.04	2.11	3.87	1.91	7
Dog	1303	4.68	2.11	5.70	2.04	4.98	2.12			11
Leopard	1310	4.60	1.62	6.00	1.80	4.37	1.97			3
Frog	1313	5.65	1.47	4.39	2.03	5.91	1.91			11
Bear	1321	4.32	1.87	6.64	1.89	3.51	2.12			12
Parrots	1333	6.11	1.50	3.17	1.97			6.29	2.04	13
Women	1340	7.13	1.57	4.75	2.31	6.13	1.78			11
Bees	1390	4.50	1.56	5.29	1.97	4.75	1.84			3
Birds	1419	6.54	1.45	3.48	1.95			5.82	1.97	13
Seal	1440	8.19	1.53	4.61	2.54	6.05	2.38			6
Gannet	1450	6.37	1.62	2.83	1.87	6.75	1.87			1
Kitten	1460	8.21	1.21	4.31	2.63	6	2			5
Kittens	1463	7.45	1.76	4.79	2.19	6.43	1.92			8
Dog	1500	7.24	1.88	4.12	2.50	6.97	2.5			1
Dog	1510	7.01	2.07	4.28	2.47	6.29	2.47			1
AttackDog	1525	3.09	1.72	6.51	2.25			3.15	2.2	13
Cat	1540	7.15	1.96	4.54	2.35	7.01	2.35			1
Hawk	1560	5.97	2.32	5.51	2.19	5.18	2.19			1
Horse	1590	7.18	1.64	4.74	2.13	5.54	1.88			2
Horse	1590	7.24	1.45	4.80	2.10	5.62	1.82			3
Horse	1600	7.37	1.56	4.05	2.37	6.75	2.37			1
Giraffes	1601	6.86	1.51	3.92	2.07	6.24	1.86			8
Butterfly	1602	6.50	1.64	3.43	1.96	6.41	1.82			8
Butterfly	1603	6.90	1.48	3.37	2.20	6.57	2.09			10
Butterfly	1604	7.11	1.41	3.30	2.17	6.69	2.11			9
Rabbit	1610	7.82	1.34	3.08	2.19	6.77	2.19			1
Rabbit	1610	7.69	1.34	3.98	2.40	6.52	2.1			2
Bird	1616	5.21	1.12	3.95	1.95	5.67	1.77			11
Sprgbok	1620	7.37	1.56	3.54	2.34	6.82	2.34			1
Coyote	1640	6.27	2.22	5.13	2.20	5.22	2.2			1
Coyote	1640	6.16	1.88	5.18	1.93	4.91	2			2
Jaguar	1650	6.65	2.25	6.23	1.99	4.29	1.99			1
Gorilla	1660	6.49	1.89	4.57	2.39	5.46	2.39			1
Orangutan	1661	6.14	1.56	4.05	2.05			6	1.83	14
Cow	1670	6.81	1.76	3.05	1.91	6.53	1.91			1
Cow	1670	5.82	1.63	3.33	1.98	5.63	1.8			2
Puppies	1710	8.34	1.12	5.41	2.34	6.55	1.98			3
Lion	1720	6.79	1.56	5.32	1.82	4.63	2.28			3
Lion	1721	7.30	1.39	4.53	2.21	5.57	2.07			10
Jaguars	1722	7.04	2.02	5.22	2.49	6.12	2.29			12
Tiger	1726	4.79	2.10	6.23	2.19			4	2.33	14
Lion	1731	7.07	1.58	4.56	2.50			5.85	2.19	14
Owl	1740	6.91	1.38	4.27	2.03	5.85	1.79			3
Bunnies	1750	8.28	1.07	4.10	2.31	6.15	2.01			3
Hippo	1810	6.52	1.49	4.45	2.11	4.55	1.81			5
Monkies	1811	7.62	1.59	5.12	2.25	6.07	1.96	5.99	1.95	7
Elephants	1812	6.83	1.33	3.60	2.11	5.91	1.84			9
Camels	1850	6.15	1.52	4.06	2.14	5.94	1.91			12
Fish	1900	6.65	1.80	3.46	2.32	6.07	2.22			4
Grouper	1910	6.71	1.80	3.29	2.29	6.44	2.13			4
Porpoise	1920	7.90	1.48	4.27	2.53	6.5	2.18			4
Shark	1930	3.79	1.92	6.42	2.07	3.19	2.15			4
Shark	1931	4.00	2.28	6.80	2.02	3.51	2.54	2.74	1.84	7
Shark	1932	3.85	2.11	6.47	2.20			3.44	2.16	13
HermitCrab	1935	4.88	1.44	4.29	1.95			5.5	2	14
Turtles	1942	6.26	1.76	4.01	2.05	5.95	2.13			12
Turtle	1945	4.59	1.68	4.42	2.03	5.57	2.07			11
Octopus	1947	5.85	1.77	4.35	2.37			5.77	2.05	13
Mickey	1999	7.43	1.47	4.77	2.40	6.64	1.96			8
Adult	2000	6.51	1.83	3.32	2.07	6.65	2.07			1
AttractiveMan	2005	6.00	1.82	4.07	2.44			5.84	1.88	13
Adult	2010	6.25	1.84	3.32	2.07	6.24	2.07			1
Adult	2020	5.68	1.99	3.34	1.89	5.99	1.89			1
Woman	2025	5.78	1.26	4.30	2.16			5.81	1.85	14
Woman	2030	6.71	1.73	4.54	2.37	5.6	1.67			2
Baby	2040	8.17	1.60	4.64	2.54	7.33	2.54			1
Baby	2050	8.20	1.31	4.57	2.53	7.71	2.53			1
Baby	2053	2.47	1.87	5.25	2.46	3.56	2			8
Father	2057	7.81	1.28	4.54	2.41	6.76	1.94			10
Baby	2058	7.91	1.26	5.09	2.48	6.67	1.96			11
Baby	2070	8.17	1.46	4.51	2.74	7.14	2.1			4
Baby	2071	7.86	1.32	5.00	2.34			6.61	2.02	14
Babies	2080	8.09	1.47	4.70	2.59	7.08	1.96			4
Girls	2091	7.68	1.43	4.51	2.28	6.79	2.04	6.44	1.99	7
Clowns	2092	6.28	1.90	4.32	2.29	5.75	2.38	5.94	2.15	7
Toddler	2095	1.79	1.18	5.25	2.34			3.7	2.28	14
AngryFace	2100	3.85	1.99	4.53	2.57	5.05	2.57			1
AngryFace	2110	3.71	1.82	4.53	2.25	4.66	2.25			1
AngryFace	2120	3.34	1.91	5.18	2.52	4.52	2.52			1
Woman	2130	4.08	1.33	5.02	2.00	5.1	2			2
GrievingFem	2141	2.44	1.64	5.00	2.03	3.92	2.14			11
Baby	2150	7.92	1.59	5.00	2.63	6.23	2.34			2
Father	2160	7.58	1.69	5.16	2.18	6.12	2.06			3
Father	2165	7.63	1.48	4.55	2.55	6.72	1.82			9
Mother	2170	7.55	1.42	4.08	2.48	6.49	2.26			4
Man	2190	4.83	1.28	2.41	1.80	5.92	2.01			4
Farmer	2191	5.30	1.62	3.61	2.14			5.8	2	14
NeutFace	2200	4.79	1.38	3.18	2.17	5.44	2.17			1
Hospital	2205	1.95	1.58	4.53	2.23	3.22	2.13			6
Fingerprint	2206	4.06	1.40	3.71	2.03	4.46	2.36			10
Bride	2208	7.35	1.68	5.68	2.34	6.21	1.74			11
Bride	2209	7.64	1.46	5.59	2.37	6.53	1.78			11
NeutFace	2210	4.38	1.64	3.56	2.21	5.03	2.21			1
NeutFace	2210	4.70	0.93	3.08	1.76	5.23	1.78			2
NeutMan	2214	5.01	1.12	3.46	1.97	5.98	1.69			11
NeutMan	2215	4.63	1.24	3.38	2.00	5.68	1.96			12
Children	2216	7.57	1.31	5.83	2.20	6.41	1.9			11
MaleFace	2220	5.03	1.39	4.93	1.65	5.32	1.77			3
Judge	2221	4.39	1.21	3.07	2.08	4.97	2.26			9
BoysReading	2222	7.11	1.54	4.08	2.15			6.54	1.85	14
Boys	2224	7.24	1.58	4.85	2.11			6.39	1.89	14
SadFace	2230	4.53	1.22	4.13	1.68	4.8	1.54			3
Butcher	2235	5.64	1.27	3.36	1.92			5.83	1.91	13
NeutChild	2240	6.53	1.48	3.75	2.14	6.23	1.96			10
NeutBaby	2250	6.64	2.26	4.19	2.28	6.85	2.28			1
NeutBaby	2260	8.06	1.42	4.26	2.44	7.47	2.44			1
NeutChild	2270	6.28	1.62	3.15	2.03	6.49	1.9			9
Woman	2271	4.20	1.26	3.74	1.69	5.66	1.86			11
LonelyBoy	2272	4.50	1.78	3.74	1.94			5.24	2.07	13
Girl	2276	2.67	1.66	4.63	1.93	4.4	1.95			12
Kids	2278	3.36	1.57	4.55	2.02			4.36	2.08	14
Boy	2280	4.22	1.54	3.77	1.89	5.7	2.01			12
Family	2299	7.27	1.53	3.95	2.22			6.18	1.93	13
Children	2303	6.83	2.07	5.53	2.10	5.81	2.11			12
Girl	2304	7.22	1.31	3.63	2.15	6.35	1.82			11
Mother	2310	7.06	1.52	4.16	2.01	5.89	1.87			12
Mother	2311	7.54	1.37	4.42	2.28	6.16	1.79			10
Mother	2312	3.71	1.64	4.02	1.66	4.72	1.86			12
Girl	2320	6.17	1.51	2.90	1.89	6.66	1.81			10
Chef	2331	7.24	1.72	4.30	2.38	6.37	2.13			12
Family	2340	8.03	1.26	4.90	2.20	6.18	1.86			3
Children	2341	7.38	1.59	4.11	2.31	6.44	2			9
Children	2344	6.72	1.89	4.71	2.04	5.96	1.95			12
Children	2345	7.41	1.72	5.42	2.47	6.51	2.07			12
Kids	2346	7.05	1.53	5.28	2.28			6.14	1.9	14
NursingBaby	2351	5.49	2.04	4.74	2.05	5.41	1.81			8
Kiss	2352	6.94	1.87	4.99	1.98	6.32	1.68			8
Man	2357	5.41	1.36	3.33	2.07			6.06	2.01	14
Family	2360	7.70	1.76	3.66	2.32	6.92	2.08			4
ThreeMen	2370	7.14	1.46	2.90	2.14	6.12	2.22			4
Woman	2372	5.48	1.63	4.09	1.99	5.72	2.01			11
Girl	2381	5.25	1.22	3.04	1.97	6.28	1.92			9
Secretary	2383	4.72	1.36	3.41	1.83	5.75	1.89			12
Girl	2385	5.20	1.32	3.64	1.81	5.86	1.73			11
Kids	2387	7.12	1.58	3.97	2.18			6.33	2.1	13
Kids	2388	7.44	1.44	3.77	2.21			6.62	1.92	13
Teens	2389	6.61	1.69	5.63	2.00	5.9	1.99			12
Boy	2391	7.11	1.77	4.63	2.43	6.11	2.01			6
Factoryworker	2393	4.87	1.06	2.93	1.88			5.83	2.06	13
Medicalworker	2394	5.76	1.74	3.89	2.26			5.77	2.29	13
Family	2395	7.49	1.69	4.19	2.40			6.31	2.09	13
Woman	2399	3.69	1.40	3.93	2.01			4.85	2.15	14
Boy	2410	4.62	1.72	4.13	2.29	5	2.29			5
Mom/Son	2435	5.84	1.27	3.94	1.93			5.93	1.92	14
NeutGirl	2440	4.49	1.03	2.63	1.70	5.97	1.89			10
NeutralGirl	2441	4.64	1.28	3.62	1.96			5.57	1.97	13
DryingHair	2442	6.17	1.40	4.04	1.89			6	1.8	14
SadGirls	2455	2.96	1.79	4.46	2.12			4.11	2.22	13
ElderlyMan	2480	4.77	1.64	2.66	1.78	5.33	2.09			9
Man	2485	5.69	1.36	3.74	1.84	6.12	1.66			11
Musician	2487	5.20	1.80	4.05	1.92	5.81	2.09			12
Man	2490	3.32	1.82	3.95	2.00	4.72	2.03			5
SickMan	2491	4.14	1.29	3.41	1.73			4.97	1.98	13
NeutralMale	2493	4.82	1.27	3.34	2.10			5.47	2.05	13
Man	2495	5.22	1.10	3.19	1.76	5.77	1.93			11
NeutralMale	2499	5.34	1.43	3.08	1.73			5.74	1.91	13
Man	2500	6.16	1.54	3.61	1.91	5.57	1.57			2
Couple	2501	6.89	1.78	3.09	2.21	5.63	2.1			6
ElderlyWoman	2510	6.91	1.91	4.00	2.10	5.46	2.08			2
Woman	2514	5.19	1.09	3.50	1.81	5.85	1.83			11
Harvest	2515	6.09	1.54	3.80	2.12	6.52	1.73			11
ElderlyWoman	2516	4.90	1.43	3.50	1.88	5.54	2.04			12
Quilting	2518	5.67	1.66	3.31	1.88	5.8	1.95			11
ElderlyMan	2520	4.13	1.90	4.22	1.69	4.44	2.33			3
Couple	2530	7.80	1.55	3.99	2.11	5.99	1.9			3
Mother	2540	7.63	1.51	3.97	2.33	5.96	2.22			3
Couple	2550	7.77	1.43	4.68	2.43	6.22	1.94			5
Picnic	2560	6.34	1.53	3.49	2.07	6.06	1.85			10
Man	2570	4.78	1.24	2.76	1.92	5.72	1.91			10
Propeller	2575	5.46	1.15	4.16	2.10	6.11	1.79			11
Bakers	2579	5.53	1.35	3.85	2.00			5.86	1.82	14
Chess	2580	5.71	1.41	2.79	1.78	5.88	1.89			9
ElderlyWoman	2590	3.26	1.92	3.93	1.94	4.31	2.14			5
Women	2595	4.88	1.24	3.71	1.88			5.64	1.93	14
Beer	2600	5.84	1.85	4.16	1.74	5.84	1.63			3
Dancer	2616	5.97	1.77	4.96	2.05	5.58	1.79			12
Woman	2620	5.93	1.63	2.72	2.16	6.11	2.21			4
Male	2630	6.35	1.92	3.92	2.53	5.97	2.22			4
Cowboy	2635	5.22	1.65	4.42	1.98			5.34	1.93	14
Boy	2650	7.27	1.67	4.28	2.41	5.74	1.86			6
Child	2655	6.88	2.09	4.57	2.19	6.14	2.33			12
Baby	2660	7.75	1.48	4.44	2.41	6.44	2.24			5
Baby	2661	3.90	2.49	5.76	2.13	4.48	2.37	4.3	2.09	7
Police	2681	4.04	1.60	4.97	2.26	3.84	2.4			10
Police	2682	3.69	1.65	4.48	2.10	4.02	2.32			9
War	2683	2.62	1.78	6.21	2.15			3.43	2.4	13
Hunters	2688	2.73	2.07	5.98	2.22			3.99	2.42	14
Terrorist	2690	4.78	1.43	4.02	2.07	4.91	2.18			4
Riot	2691	3.04	1.73	5.85	2.03	4.39	2.53	4.07	2.02	7
Bomb	2692	3.36	1.61	5.35	2.19	3.87	2.39			10
Police	2694	3.55	1.72	5.05	2.16			4.68	2.43	13
Refugees	2695	4.01	1.58	4.47	1.92			4.43	2.15	13
Woman	2700	3.19	1.56	4.77	1.97	4.44	2.04			4
BingeEating	2702	5.21	1.61	3.92	2.34	5.7	2.3			9
DrugAddict	2710	2.52	1.69	5.46	2.29	4.63	2.56			4
Smoking	2715	3.28	1.95	4.35	2.27			5.17	2.54	13
Urinating	2720	5.43	1.59	3.43	1.91	5.92	2.28			4
Jail	2722	3.47	1.65	3.52	2.05	5.34	2.34			9
NativeBoy	2730	2.45	2.25	6.80	2.21	3.94	2.55			4
Smoking	2749	5.04	1.39	3.76	2.03	5.35	1.94			12
Bum	2750	2.56	1.32	4.31	1.81	4.48	2.16			6
DrunkDriving	2751	2.67	1.87	5.18	2.39	4.01	2.33			9
Alcoholic	2752	4.07	1.84	4.30	1.94	4.84	2.15			10
Alcoholic	2753	3.17	1.75	4.29	2.22	4.48	2.38			10
Actor	2780	4.77	1.76	4.86	2.05			5.15	2	13
Balloons	2791	6.64	1.70	3.83	2.09	6.25	1.74			8
Boy	2795	3.92	1.77	4.70	2.00			4.83	2.04	14
SadChild	2800	1.78	1.14	5.49	2.11	3.4	2.32			4
Boy	2810	4.31	1.65	4.47	1.92	5.69	2.29			4
Woman	2830	4.73	1.60	3.64	2.23	5.33	2.15			9
Chess	2840	4.91	1.52	2.43	1.82	5.56	1.93			6
Tourist	2850	5.22	1.39	3.00	1.94	5.87	1.97			10
Teenager	2870	5.31	1.41	3.01	1.72	6.17	2.09			9
Shadow	2880	5.18	1.44	2.96	1.94	6.01	2.05			9
Twins	2890	4.95	1.09	2.95	1.87	5.99	1.93			9
CryingBoy	2900	2.45	1.42	5.09	2.15	3.64	1.7			5
FoodBasket	2980	5.61	1.50	3.09	1.91			6.3	2.06	13
DeerHead	2981	2.76	1.94	5.97	2.12			4.16	2.4	14
Mutilation	3000	1.45	1.20	7.26	2.10	2.99	2.1			1
Mutilation	3000	1.59	1.35	7.34	2.27	2.73	2.17			4
Mutilation	3010	1.71	1.19	7.16	2.24	2.88	2.41			2
Mutilation	3010	1.79	1.28	7.26	1.86	2.88	2.14			3
Accident	3015	1.52	0.95	5.90	2.82	2.84	2.13			11
Scream	3022	3.70	1.91	5.88	2.08	3.84	2.05			12
Mutilation	3030	1.91	1.56	6.76	2.10	3.69	2.1			1
Mutilation	3051	2.30	1.86	5.62	2.45	3.92	2.28			8
BurnVictim	3053	1.31	0.97	6.91	2.57	2.33	1.94	2.17	1.59	7
Mutilation	3060	1.79	1.56	7.12	2.09	2.97	2.11			5
Mutilation	3061	2.32	1.61	5.28	2.60	3.82	2.23			9
Mutilation	3062	1.87	1.31	5.78	2.57	3.73	2.5			9
Mutilation	3063	1.49	0.96	6.35	2.60	2.7	2.02			10
Mutilation	3064	1.45	0.97	6.41	2.62	2.63	2.04			10
Mutilation	3068	1.80	1.56	6.77	2.49			2.51	2.22	13
Mutilation	3069	1.70	1.41	7.03	2.41			2.62	2.3	13
Mutilation	3071	1.88	1.39	6.86	2.05	3.28	2.15			6
Mutilation	3080	1.48	0.95	7.22	1.97	2.85	2.1			6
BurnVictim	3100	1.60	1.07	6.49	2.23	3	2.16			2
BurntFace	3101	1.91	1.19	5.60	2.46			3.48	2.11	14
BurnVictim	3102	1.40	1.14	6.58	2.69	2.18	1.9	2.42	1.56	7
BurnVictim	3110	1.79	1.30	6.70	2.16	3.04	1.97			6
DeadBody	3120	1.56	1.09	6.84	2.36	3.32	2.36			1
Mutilation	3130	1.58	1.24	6.97	2.07	3.46	2.07			1
DeadBody	3140	1.83	1.17	6.36	1.97	3.2	2.17			2
Mutilation	3150	2.26	1.57	6.55	2.20	3.39	2.15			2
EyeDisease	3160	2.63	1.23	5.35	1.79	4.08	1.88			3
Mutilation	3168	1.56	1.06	6.00	2.46	3.24	2.31			11
BabyTumor	3170	1.46	1.01	7.21	1.99	2.7	1.89			3
BatteredFem	3180	1.92	1.13	5.77	2.21	4.05	2.42			4
BatteredFem	3181	2.30	1.43	5.06	2.11	4.31	2.32			11
Scar	3190	3.69	1.67	5.01	1.95	4.53	2.05			4
Surgery	3210	4.49	1.91	5.39	1.91	4.3	2.18			2
Hospital	3220	2.49	1.29	5.52	1.86	3.53	1.75			3
DyingMan	3230	2.02	1.30	5.41	2.21	2.93	2.18			3
OpenChest	3250	3.78	1.72	6.29	1.63	4.45	1.99			3
Tumor	3261	1.82	1.34	5.75	2.64	3.57	2.38			9
Injury	3266	1.56	0.98	6.79	2.09	2.83	2.04			12
DentalExam	3280	3.72	1.89	5.39	2.38	4.06	1.99			5
DisabledChild	3300	2.74	1.56	4.55	2.06	4.64	1.97			6
InjuredChild	3301	1.80	1.28	5.21	2.26	3.71	2.13			11
Infant	3350	1.88	1.67	5.72	2.23	3.38	2.36			5
SeveredHand	3400	2.35	1.90	6.91	2.22	3.65	2.21			5
Attack	3500	2.21	1.34	6.99	2.19	2.4	1.88			5
Attack	3530	1.80	1.32	6.82	2.09	2.81	1.97			6
Injury	3550	2.54	1.60	5.92	2.13	3.64	1.87			6
Artist	4000	4.82	1.66	3.97	2.15	5.35	1.96			10
EroticFemale	4001	5.24	2.45	5.24	2.49	5.74	2.4	5.46	2.02	7
EroticFemale	4002	5.78	2.43	5.32	2.69	5.47	2.33	5.73	2.21	7
EroticFemale	4003	5.48	2.05	5.09	2.07	5.59	2.24			8
EroticFemale	4004	5.14	1.85	4.44	2.14	5.75	2.13	5.45	1.97	7
EroticFemale	4005	5.43	2.08	5.02	2.00	5.39	2.11			8
MaleDancers	4100	6.11	1.66	4.39	1.75	5.93	1.71			3
EroticFemale	4141	5.59	2.46	5.25	2.48			5.39	2.44	14
EroticFemale	4142	5.45	2.82	5.60	2.61			4.95	2.53	13
AttractiveFem	4150	6.53	1.86	4.86	2.55	5.45	1.81			5
EroticFemale	4180	6.21	2.57	5.54	2.89	5.44	2.89			1
EroticFemale	4210	5.72	2.97	6.08	2.81	5.54	2.81			1
EroticFemale	4220	8.02	1.93	7.17	2.69	5.33	2.12			2
EroticFemale	4220	6.60	1.72	5.18	2.33	5.9	1.63			3
Prostitute	4230	4.86	2.34	4.70	2.21	5.38	2.42			4
EroticFemale	4232	5.95	2.53	6.28	2.31	5.69	2.52			8
Prostitute	4233	4.56	1.86	3.96	2.15	5.61	2.13			9
EroticFemale	4235	5.39	2.50	5.29	2.75	4.99	2.65			10
EroticFemale	4240	5.34	2.44	4.88	2.75	5.44	2.6			9
AttractiveFem	4250	6.79	2.05	5.16	2.76	5.57	1.96			6
EroticFemale	4255	6.06	1.92	5.11	2.64			5.59	2.21	13
AttractiveFem	4274	5.42	1.83	4.18	2.39	5.47	2.06			10
AttractiveFem	4275	5.70	2.01	4.41	2.45	5.67	2.44			9
EroticFemale	4279	5.47	2.04	4.38	2.61	5.69	2.42			9
EroticFemale	4290	7.61	2.56	7.20	2.63	5	2.36			2
EroticFemale	4300	5.70	2.36	5.99	2.34	5.55	2.1			3
EroticFemale	4302	4.99	2.64	5.68	2.69	4.95	2.38			10
EroticFemale	4310	6.04	1.94	5.42	2.24	5.77	1.82			3
EroticFemale	4320	6.01	2.12	5.11	2.34	5.24	2.1			5
EroticMale	4460	5.60	1.61	4.94	2.09	5.34	1.79			3
EroticMale	4470	5.87	1.63	4.81	2.31	5.45	1.61			3
EroticMale	4490	6.27	1.95	6.06	2.42	5.03	1.91			2
AttractiveMan	4500	5.70	2.12	3.68	2.42	5.72	2.42			1
EroticMale	4503	6.00	1.52	4.93	2.35			5.55	2.31	14
AttractiveMan	4510	5.51	2.50	3.89	2.86	5.76	2.86			1
EroticMale	4520	7.04	1.64	5.48	2.27	5.48	1.58			2
EroticMale	4520	6.16	1.54	4.80	2.25	5.73	1.44			3
EroticMale	4530	6.19	1.82	5.31	2.40	5.19	2.07			2
EroticMale	4531	5.81	1.94	4.28	2.76	5.87	1.96			8
AttractiveMan	4532	6.40	1.78	4.15	2.44	6.16	1.84			8
AttractiveMan	4533	6.22	2.24	5.01	2.47	5.91	1.95			8
MaleDancer	4534	5.70	1.68	4.16	2.37	6.08	1.93	5.66	2.16	7
Weightlifter	4535	6.27	1.70	4.95	2.32	6.2	2.08	6.31	1.91	7
AttractiveMan	4536	6.01	1.49	3.95	2.30	6.09	2.02			9
AttractiveMan	4537	5.64	1.78	4.49	2.44			5.71	1.9	13
EroticMale	4538	5.91	2.03	4.65	2.63			5.54	2.06	14
EroticMale	4550	4.95	2.31	5.00	2.66	5.5	2.35			9
EroticMale	4561	5.02	2.28	4.35	2.67	5.16	1.94			10
AttractiveMan	4571	5.49	1.52	3.54	2.31	6.13	1.83			10
AttractiveMan	4572	6.15	2.06	4.80	2.57	5.94	2.34			9
Couple	4598	6.33	2.76	5.53	2.39	5.23	2.2			10
Romance	4599	7.12	1.48	5.69	1.94	6.49	1.79			8
Romance	4601	6.82	1.22	5.08	2.01	6.37	1.72			8
Romance	4603	7.10	1.58	4.89	2.26	6.2	2.04	6.29	1.79	7
Couple	4605	5.59	1.52	3.84	2.12	5.83	2.09			10
Romance	4606	6.55	1.62	5.11	2.15	6.09	1.74			8
EroticCouple	4607	7.03	1.84	6.34	2.16	6.14	2.2	6	2.08	7
EroticCouple	4608	7.07	1.66	6.47	1.96	6.25	1.87	5.79	2.16	7
Couple	4609	6.71	1.67	5.54	2.05	6	1.79	6.05	1.92	7
Romance	4610	7.29	1.74	5.10	2.29	5.54	1.95			2
EroticCouple	4611	6.62	1.82	6.04	2.11	5.99	1.97			8
Condom	4613	5.34	1.77	4.66	2.20	6.16	2.08			10
Romance	4614	7.15	1.44	4.67	2.47	6.62	1.84			9
EroticFemale	4617	6.60	1.57	5.19	2.10	6.13	1.63			11
Harassment	4621	3.19	1.59	4.92	2.24	4.37	2.41			9
Romance	4622	7.46	1.61	4.11	2.30			6.46	2.05	13
Romance	4623	7.13	1.80	5.44	2.23			6.04	2.02	13
Couple	4624	6.84	1.60	5.02	2.05			5.87	1.95	14
Couple	4625	6.40	1.71	5.05	2.02			5.88	1.82	14
Wedding	4626	7.60	1.66	5.78	2.42			6.14	2.08	14
BikerCouple	4631	5.36	1.86	5.19	2.04	4.87	1.61			6
Prostitute	4635	3.86	1.85	4.23	2.35	4.7	2.21			10
Romance	4640	7.18	1.97	5.52	2.28	6.03	1.86			5
Romance	4641	7.20	1.59	5.43	2.10	6.01	1.88	6.24	1.96	7
EroticCouple	4650	6.96	1.54	5.67	2.14	5.56	1.99			2
EroticCouple	4651	6.32	2.18	6.34	2.05	5.8	2.15			8
EroticCouple	4652	6.79	2.02	6.62	2.04	6.1	2.22			8
EroticCouple	4653	6.56	1.65	5.83	2.07	6.07	1.93			8
EroticCouple	4656	6.73	1.94	6.41	2.19	6.1	2.05			11
EroticCouple	4658	6.62	1.89	6.47	2.14	5.86	2.35			9
EroticCouple	4659	6.87	1.99	6.93	2.07	5.67	2.52	5.96	2.08	7
EroticCouple	4660	7.40	1.36	6.58	1.88	5.96	1.64			3
EroticCouple	4664	6.61	2.23	6.72	2.08	5.96	2.19	5.24	2.41	7
EroticCouple	4666	6.24	1.78	6.10	2.20	5.55	2.1			11
EroticCouple	4669	5.97	2.13	6.11	2.42	5.34	2.21			10
EroticCouple	4670	6.99	1.73	6.74	2.03	5.85	2.47			9
EroticCouple	4672	6.00	2.04	6.29	2.37	5.38	2.28			10
EroticCouple	4676	6.81	1.67	6.07	2.22			5.95	2.09	13
EroticCouple	4677	6.58	1.65	6.19	2.08			5.76	1.98	14
EroticCouple	4680	7.25	1.83	6.02	2.27	6.27	2.29			4
EroticCouple	4681	6.69	1.82	6.68	1.70	5.5	2.11			12
EroticCouple	4683	6.17	2.07	6.62	1.79	5.39	2.04			12
EroticCouple	4687	6.87	1.51	6.51	2.10	6.04	1.96			11
EroticCouple	4689	6.90	1.55	6.21	1.74	5.6	2.01			12
EroticCouple	4690	6.83	1.94	6.06	2.21	6.12	2.18			4
Couple	4700	6.91	1.94	4.05	1.90	5.35	2.05			6
NudeFemale	4750	5.57	1.92	4.90	2.15	5.48	1.9			3
FemaleKiss	4770	4.91	2.61	5.85	2.22	5.35	1.98			3
EroticCouple	4800	6.44	2.22	7.07	1.78	5.51	2.11			6
EroticCouple	4810	6.56	2.09	6.66	2.14	5.41	2.22			5
Flower	5000	7.08	1.77	2.67	1.99	7.08	1.99			1
Sunflower	5001	7.16	1.56	3.79	2.34	6.49	2.12	6.36	2.12	7
Flower	5010	7.14	1.50	3.00	2.25	7.4	2.25			1
Flower	5020	6.32	1.68	2.63	2.10	6.67	2.1			1
Flower	5030	6.51	1.73	2.74	2.13	7.03	2.13			1
PineNeedles	5120	4.39	1.34	3.07	2.12	5.69	2.07			9
Rocks	5130	4.45	1.13	2.51	1.72	5.84	1.98			10
Flowers	5200	7.36	1.52	3.20	2.16	6.21	1.88			3
Nature	5201	7.06	1.71	3.83	2.49	6.73	2.04	6.34	1.94	7
Nature	5220	7.01	1.50	3.91	2.27	5.53	2.01			3
Nature	5250	6.08	2.01	3.64	2.27	5.5	2.46			4
Waterfall	5260	7.34	1.74	5.71	2.53	4.54	2.56			6
Nature	5270	7.26	1.57	5.49	2.54	4.28	2.56			5
Galaxy	5300	6.91	1.80	4.36	2.62	4.14	2.7			4
Boat	5390	5.59	1.54	2.88	1.97	6.33	2.02			10
Boat	5395	5.34	1.21	4.23	2.03	5.23	2.01			12
Violinist	5410	6.11	1.58	3.29	2.09	6.28	1.72			10
Liftoff	5450	7.01	1.60	5.84	2.40	4.98	2.69			5
Cockpit	5455	5.79	1.37	4.56	2.17	5.63	2.11			11
Astronaut	5460	7.33	1.51	5.87	2.50	4.99	2.59			5
Astronaut	5470	7.35	1.62	6.02	2.26	4.96	2.47			6
Fireworks	5480	7.53	1.63	5.48	2.35	5.8	1.97			6
Mushroom	5500	5.42	1.58	3.00	2.42	6.45	2.42			1
Mushroom	5510	5.15	1.43	2.82	2.18	6.68	2.18			1
Mushroom	5520	5.33	1.49	2.95	2.42	6.43	2.42			1
Mushroom	5530	5.38	1.60	2.87	2.29	6.42	2.29			1
Mushroom	5531	5.15	1.45	3.69	2.11	6	1.95	5.96	1.99	7
Mushrooms	5532	5.19	1.69	3.79	2.20	6.01	2.14	5.81	2.19	7
Mushrooms	5533	5.31	1.17	3.12	1.92	6.09	1.79			8
Mushrooms	5534	4.84	1.44	3.14	2.03	5.83	1.93			8
Stilllife	5535	4.81	1.52	4.11	2.31	5.61	2.25			12
Clouds	5551	7.31	1.63	3.26	2.47			6.48	2.21	13
Sky	5593	6.47	1.57	3.98	2.31	5.89	2.38			10
Sky	5594	7.39	1.45	4.15	2.76	6.54	2.46			9
Mountains	5600	7.57	1.48	5.19	2.70	4.93	2.27			2
Mountains	5611	7.05	1.58	3.99	2.56			6.04	2.28	13
SkyDivers	5621	7.57	1.42	6.99	1.95	5.81	2.38	5.5	2.34	7
Shark	5622	6.33	1.78	5.34	1.96	5.94	2.07			8
Windsurfers	5623	7.19	1.44	5.67	2.32	6.45	1.72			8
HangGlider	5626	6.71	2.06	6.10	2.19	6	2.24			8
Mountains	5628	6.51	1.95	5.46	2.09	6.28	2.33			8
Hiker	5629	7.03	1.55	6.55	2.11	5.68	2.55	5.76	2.18	7
Mountains	5660	7.27	1.59	5.07	2.62	5.03	2.46			6
Cave	5661	5.96	1.41	4.15	2.30			5.45	2.02	14
Mountains	5700	7.61	1.46	5.68	2.33	4.59	2.68			5
Field	5711	6.62	1.65	3.03	1.96			6.35	1.97	13
Farmland	5720	6.31	1.60	2.79	2.20	5.58	2.15			5
Flowers	5731	5.39	1.58	2.74	1.95	6.13	1.77			8
Plant	5740	5.21	1.38	2.59	1.99	6.27	2.21			10
Nature	5750	6.60	1.84	3.14	2.25	6.82	2.25			1
Nature	5760	8.05	1.23	3.22	2.39	7.49	2.39			1
Courtyard	5779	7.33	1.42	3.57	2.30	6.96	1.77			11
Nature	5780	7.52	1.45	3.75	2.54	6.05	2.3			5
Leaves	5800	6.36	1.70	2.51	2.01	5.72	2.03			6
Flowers	5811	7.23	1.60	3.30	2.33			6.58	2.23	13
Mountains	5820	7.33	1.73	4.61	2.59	5.69	2.17			2
Sunset	5830	8.00	1.48	4.92	2.65	6.07	1.91			2
Seagulls	5831	7.63	1.15	4.43	2.49	6.46	2.12			9
Flowers	5849	6.65	1.93	4.89	2.43	5.9	2			12
Clouds	5870	6.78	1.76	3.10	2.22	5.2	2.13			3
Bicyclist	5875	6.03	1.43	3.29	2.12	6.19	1.91			12
Earth	5890	6.67	1.75	4.60	2.30	4.15	2.78			3
Clouds	5891	7.22	1.46	3.29	2.57	5.2	2.57			5
Desert	5900	5.93	1.64	4.38	2.10	5.16	2.06			3
Fireworks	5910	7.80	1.23	5.59	2.55	5.56	2.37			5
Volcano	5920	5.16	1.92	6.23	2.08	3.95	2.31			3
Lava	5940	4.23	1.68	6.29	1.85	3.7	2.17			3
Lightning	5950	5.99	2.07	6.79	1.98	3.56	2.44			3
Tornado	5970	4.14	1.77	4.88	2.59	3.73	2.34			4
Tornado	5971	3.49	1.87	6.65	2.02	3.3	2.42			11
Tornado	5972	3.85	2.33	6.34	2.20	3.49	2.42			12
Sky	5982	7.61	1.48	4.51	2.85	5	2.74			6
Sky	5990	6.54	1.78	4.44	2.43	4.7	2.27			5
Sky	5991	6.55	2.09	4.01	2.44	4.78	2.17			6
Skyline	5994	6.80	1.75	4.61	2.31	6.56	2.2			9
Prison	6000	4.04	1.74	4.91	2.17	3.77	2.22			3
Jail	6010	3.73	1.98	3.95	1.87	5.08	2.53			4
ElectricChair	6020	3.41	1.98	5.58	2.01	4.07	2.43			4
Outlet	6150	5.08	1.17	3.22	2.02	5.54	1.69			3
Aimedgun	6190	3.57	1.84	5.64	2.03	3.77	2.42			4
AimedGun	6200	2.71	1.58	6.21	2.28	3.35	2.28			1
AimedGun	6200	3.20	1.62	5.82	1.99	3.49	2.19			2
AimedGun	6210	2.95	1.83	6.34	2.14	3.46	2.14			1
Attack	6211	3.62	2.07	5.90	2.22	4.03	2.22			8
Soldier	6212	2.19	1.49	6.01	2.44	3.45	2.1			8
Terrorist	6213	2.91	1.52	5.86	2.06	3.62	2.36			11
AimedGun	6230	2.37	1.57	7.35	2.01	2.15	2.09			2
Gun	6241	3.42	1.52	4.54	2.35	4.44	2.53			9
Gang	6242	2.69	1.59	5.43	2.36	3.49	2.19			9
AimedGun	6243	2.33	1.49	5.99	2.23	3.23	2.26			10
AimedGun	6244	3.09	1.78	5.68	2.51	3.43	2.3			9
AimedGun	6250	2.83	1.79	6.54	2.61	2.4	1.88			5
AimedGun	6260	2.44	1.54	6.93	1.93	2.87	2.16			6
Knife	6300	2.59	1.66	6.61	1.97	2.78	1.99			5
DistressedFem	6311	2.58	1.56	4.95	2.27			4.74	2.36	13
Abduction	6312	2.48	1.52	6.37	2.30	3.83	2.25			8
Attack	6313	1.98	1.38	6.94	2.23	3.26	2.74	2.98	2.17	7
Attack	6314	4.09	1.51	4.60	2.31	4.58	2.4			10
BeatenFem	6315	2.31	1.69	6.38	2.39			3.79	2.69	13
Attack	6350	1.90	1.29	7.29	1.87	2.73	2.16			5
Attack	6360	2.23	1.73	6.33	2.51	3.97	2.33			5
Attack	6370	2.70	1.52	6.44	2.19	3	1.87			5
AimedGun	6410	3.49	2.07	5.89	2.28	4.29	2.28			1
DeadTiger	6415	2.21	1.51	6.20	2.31			3.79	2.47	13
Attack	6510	2.46	1.58	6.96	2.09	2.81	2.12			6
Attack	6530	2.76	1.86	6.18	2.02	4.01	2.29			6
Attack	6540	2.19	1.56	6.83	2.14	3.02	2.17			6
Attack	6550	2.73	2.38	7.09	1.98	3.01	2.41			6
Knife	6555	3.33	1.59	5.69	2.21			4.17	2.17	13
Attack	6560	2.16	1.41	6.53	2.42	3.11	2.41			5
Attack	6561	3.16	1.46	4.99	2.19	4.58	2.23			10
Suicide	6570	2.19	1.72	6.24	2.16	4.03	2.52			6
CarTheft	6571	2.85	2.05	5.59	2.50	3.56	2.38			9
Gun	6610	3.60	1.79	5.06	2.39	4.97	2.39			1
Gun	6800	4.01	2.06	4.87	2.57	4.81	2.57			1
Gang	6821	2.38	1.72	6.29	2.02	3.29	2.36			10
Guns	6830	2.82	1.81	6.21	2.23	3.67	2.5	2.92	1.86	7
Police	6831	2.59	1.50	5.55	2.16	3.99	1.93			8
Police	6834	2.91	1.73	6.28	1.90	3.9	2.28			12
Police	6836	3.46	1.61	5.47	1.91	4.39	2.24			11
Police	6838	2.45	1.44	5.80	2.09	3.79	2.08			11
Police	6840	3.63	2.04	5.95	1.90	4.72	2.21			12
Aircraft	6900	4.76	2.06	5.64	2.22	4.27	2.66			2
Bomber	6910	5.31	2.28	5.62	2.46	5.1	2.46			1
Missiles	6930	4.39	1.82	4.88	2.20	4	2.39			2
Tank	6940	3.53	2.07	5.35	2.02	4.05	2.63			4
RollingPin	7000	5.00	0.84	2.42	1.79	6.14	2.14			2
Towel	7002	4.97	0.97	3.16	2.00	6.25	1.93	6.48	1.94	7
Spoon	7004	5.04	0.60	2.00	1.66	6.74	1.99			9
Bowl	7006	4.88	0.99	2.33	1.67	6.18	1.96			8
Mug	7009	4.93	1.00	3.01	1.97	6.33	1.93	6.23	2.03	7
Basket	7010	4.94	1.07	1.76	1.48	6.7	1.48			1
Fan	7020	4.97	1.04	2.17	1.71	6.16	2.15			9
Stool	7025	4.63	1.17	2.71	2.20	6.1	2.2			8
Iron	7030	4.69	1.04	2.99	2.09	5.73	2			6
Shoes	7031	4.52	1.11	2.03	1.51	6.14	2.12			10
Hammer	7034	4.95	0.87	3.06	1.95	6.48	1.86			8
Mug	7035	4.98	0.96	2.66	1.82	6.39	1.94			8
Shipyard	7036	4.88	1.08	3.32	2.04			5.41	2.11	14
Trains	7037	4.81	1.12	3.71	2.08			5.24	2.1	14
Shoes	7038	4.82	1.20	3.01	1.96			5.67	2	13
Train	7039	5.93	1.58	3.29	2.15			5.94	1.93	13
DustPan	7040	4.69	1.09	2.69	1.93	5.46	1.64			5
Baskets	7041	4.99	1.12	2.60	1.78			6.35	2.14	14
HairDryer	7050	4.93	0.81	2.75	1.80	5.82	1.93			2
TrashCan	7060	4.43	1.16	2.55	1.77	5.85	2.1			2
Fork	7080	5.27	1.09	2.32	1.84	7.04	1.84			1
Book	7090	5.19	1.46	2.61	2.03	6.65	2.03			1
Headlight	7095	5.99	1.40	4.21	2.20	6.17	1.95			12
Car	7096	5.54	1.26	3.98	1.87	5.81	1.78			11
FireHydrant	7100	5.24	1.20	2.89	1.70	5.92	1.73			3
Hammer	7110	4.55	0.93	2.27	1.70	6.07	1.86			10
Truck	7130	4.77	1.03	3.35	1.90	5.08	1.82			3
Bus	7140	5.50	1.42	2.92	2.38	5.45	1.78			6
Umbrella	7150	4.72	1.00	2.61	1.76	5.55	2.01			2
Fabric	7160	5.02	1.10	3.07	2.07	5.8	1.97			9
Pole	7161	4.98	1.02	2.98	1.99			5.68	2.13	13
LightBulb	7170	5.14	1.28	3.21	2.05	5.89	1.98			2
Lamp	7175	4.87	1.00	1.72	1.26	6.47	2.04			10
Rug	7179	5.06	1.05	2.88	1.97			6.1	2.07	14
NeonBuilding	7180	4.73	1.31	3.43	1.95	5.61	1.98			10
Checkerboard	7182	5.16	1.31	4.02	2.12	5.51	2.1			9
Checkerboard	7183	5.58	1.39	3.78	2.19	5.71	2.16			10
AbstractArt	7184	4.84	1.02	3.66	1.89	5.46	1.8			11
AbstractArt	7185	4.97	0.87	2.64	2.04	6.13	2.02			10
AbstractArt	7186	4.63	1.60	3.60	2.36	5.88	2.5			12
AbstractArt	7187	5.07	1.02	2.30	1.75	6.1	2.04			10
Clock	7190	5.55	1.34	3.84	2.06	5.3	2.04			3
Teeth	7195	6.02	1.65	4.54	2.03	5.78	2			12
Brownie	7200	7.63	1.74	4.87	2.59	6.9	2.59			1
Scarves	7205	5.56	1.39	2.93	2.16	6.39	1.95			10
Beads	7207	5.15	1.46	3.57	2.25	6	2			8
Clock	7211	4.81	1.78	4.20	2.40	4.99	2.32			12
ClothesRack	7217	4.82	0.99	2.43	1.64	6.25	1.86			8
Pastry	7220	6.91	1.74	5.30	2.35	5.8	2.24			11
FileCabinets	7224	4.45	1.36	2.81	1.94	6.26	2.23	6.08	2.17	7
Turkey	7230	7.38	1.65	5.52	2.32	6.21	1.97			2
Plate	7233	5.09	1.46	2.77	1.92	6.23	2.06	6.42	2.01	7
IroningBoard	7234	4.23	1.58	2.96	1.90	5.73	2.18	5.26	2.16	7
Chair	7235	4.96	1.18	2.83	2.00	6.53	2.09	6.25	2.04	7
Lightbulb	7236	5.64	1.31	3.79	2.24			6.34	1.96	14
AbstractArt	7237	5.43	1.36	3.88	2.18	5.84	1.79			9
AbstractArt	7238	6.43	1.42	4.17	2.38	6.06	1.99			9
Cake	7250	6.62	1.56	4.67	2.15			6.24	1.89	14
Torte	7260	7.21	1.66	5.11	2.19	6.03	2.3			2
IceCream	7270	7.53	1.73	5.76	2.21	5.88	2.4			2
Wines	7280	7.20	1.80	4.46	2.38	6.1	2.08			2
Food	7281	6.40	1.52	4.41	2.26	6.46	1.71			8
Cake	7282	6.72	1.48	4.77	2.08	6.16	1.79			8
Fruit	7283	5.50	1.84	3.81	2.01	6.05	1.99			8
Fruit	7284	6.21	1.66	4.06	2.20	6.45	2.23	6.44	1.92	7
Tomatoes	7285	5.67	1.60	3.83	2.11	6.29	2.27	6.44	1.97	7
Pancakes	7286	6.36	1.72	4.44	2.44	5.97	2.52	6.27	2.18	7
Food	7289	6.32	2.00	5.14	2.51	6.02	2.2			11
Chicken	7291	6.35	1.91	4.81	2.38			6.1	2.18	13
Desserts	7320	6.54	1.63	4.44	2.12	6.22	1.95			3
Watermelon	7325	7.06	1.65	3.55	2.07	6.56	1.93			9
IceCream	7330	7.69	1.84	5.14	2.58	6.58	2.51			4
IceCream	7340	6.68	1.63	3.69	2.58	6.32	2.33			4
Pizza	7350	7.10	1.98	4.97	2.44	6.72	2.12			4
Pizza	7351	5.82	1.67	4.25	2.28	6	1.67			5
Pizza	7352	6.20	2.20	4.58	2.45	5.58	2.07			6
PieW/bug	7359	2.92	1.70	5.36	2.19			4.73	2.38	14
FliesOnPie	7360	3.59	1.95	5.11	2.25	5.21	2.26			4
MeatSlicer	7361	3.10	1.73	5.09	2.48	4.38	2.09			8
RoachOnPizza	7380	2.46	1.42	5.88	2.44	4.49	2.18			6
IceCream	7390	6.84	1.73	4.56	2.28	6.02	2.03			6
Candy	7400	7.00	1.64	5.06	2.23	6.07	2.01			5
Pastry	7402	5.98	2.04	5.05	2.12	5.75	2.37			12
Candy	7410	6.91	1.56	4.55	2.24	5.92	2.1			5
Candy	7430	7.11	1.78	4.72	2.29	5.86	2.02			6
Cheeseburger	7450	6.40	2.01	5.05	2.22	5.81	2.2			5
FrenchFries	7460	6.81	2.08	5.12	2.49	5.78	2.26			6
Pancakes	7470	7.08	1.60	4.64	2.26	5.96	1.95			5
Grapes	7472	6.25	1.84	4.00	2.37			6.31	2.12	14
Shrimp	7475	6.33	1.66	4.17	2.49	6.34	1.98			10
Pasta	7480	7.08	1.62	4.55	2.42	5.88	1.87			6
Food	7481	6.53	1.78	4.92	2.13	5.97	2.21			12
Window	7490	5.52	1.41	2.42	2.23	5.81	2.1			4
Building	7491	4.82	1.03	2.39	1.90	5.93	1.96			9
Man	7493	5.35	1.34	3.39	2.08			5.75	1.92	13
Store	7495	5.90	1.60	3.82	2.33	6.04	2.11			12
Street	7496	5.92	1.66	4.84	1.99	5.55	1.72			12
Building	7500	5.33	1.44	3.26	2.18	5.17	2.05			2
City	7501	6.85	1.70	5.63	2.27	5.82	2.07			6
Castle	7502	7.75	1.40	5.91	2.31	6.64	2.19	6.58	2.08	7
CardDealer	7503	5.77	1.39	4.21	2.39	5.59	1.92			10
Stairs	7504	5.67	1.46	4.25	2.27			5.8	2.09	14
Skyscraper	7510	6.05	1.60	4.52	2.35	4.96	2.18			2
Ocean	7545	6.84	1.72	3.28	2.34	6.75	1.93			11
Office	7550	5.27	1.40	3.95	1.91	5.22	2.26			3
Freeway	7560	4.47	1.65	5.24	2.03	4.63	2.09			3
Skyline	7570	6.97	1.69	5.54	2.34	5.33	2.25			3
Desert	7580	7.51	1.60	4.59	2.72	5.12	2.56			3
Traffic	7590	4.75	1.55	3.80	2.13	5.05	2.35			9
Traffic	7595	4.55	1.46	3.77	2.22	5.28	2.28			11
Dragon	7600	5.90	1.76	5.50	1.92	5.22	2.01			12
Jet	7620	5.78	1.72	4.92	2.11	5.07	1.99			3
Skyscraper	7640	5.00	1.31	6.03	2.46	3.82	2.27			6
Office	7700	4.25	1.45	2.95	2.17	5.13	2.45			4
Cabinet	7705	4.77	1.02	2.65	1.88	6.39	2.09			11
Bed	7710	5.42	1.58	3.44	2.21	5.96	2.09			4
Agate	7820	5.39	1.41	4.21	2.05	5.3	1.96			3
Agate	7830	5.26	1.38	4.08	2.11	5.36	1.81			3
Violin	7900	6.50	1.72	2.60	2.08	6.48	2.22			4
CarCrash	7920	4.51	1.40	3.87	2.15	5.2	1.78			8
Tissue	7950	4.94	1.21	2.28	1.81	6.3	2.11			9
Runner	8010	4.38	1.86	4.12	2.08	5.17	2.08			4
Skier	8021	6.79	1.44	5.67	2.37	5.85	2.06			10
Skier	8030	7.33	1.76	7.35	2.02	4.7	2.66			2
Skier	8031	6.76	1.39	5.58	2.24	6.36	1.66			8
IceSkater	8032	6.38	1.57	4.19	2.08	6.1	1.64			8
IceSkater	8033	6.66	1.52	5.01	2.15	6.12	1.91	5.74	1.77	7
Skier	8034	7.06	1.53	6.30	2.16	6.26	2.02	5.81	2.12	7
Diver	8040	6.64	1.56	5.61	2.01	5.31	2.32			4
Diver	8041	6.65	1.67	5.49	2.29	6.05	1.99	5.54	2.13	7
Rower	8050	6.24	1.49	4.31	2.12	6.67	1.92			4
Boxer	8060	5.36	2.23	5.31	1.99	5.92	2.43			4
Sailing	8080	7.73	1.34	6.65	2.20	5.91	2.1			2
Gymnast	8090	7.02	1.33	5.71	2.10	5.25	2.01			2
Football	8116	6.82	1.77	5.97	2.29	6.06	1.7			11
Hockey	8117	6.02	1.68	5.30	2.44	6.07	2.21			9
Athlete	8120	7.09	1.36	4.85	2.13	6.23	1.61			2
PoleVaulter	8130	6.58	1.34	5.49	2.07	5.43	1.8			2
RockClimber	8160	5.07	1.97	6.97	1.62	4.05	2.24			3
HangGlider	8161	6.71	1.64	6.09	2.24	5.89	2.15	5.68	2.18	7
HotAirBalloon	8162	6.97	1.55	4.98	2.25	6.37	1.89	5.69	1.86	7
Sailboat	8170	7.63	1.34	6.12	2.30	5.72	2.15			6
Cliffdiver	8178	6.50	2.00	6.82	2.33			4.68	2.61	13
Bungee	8179	6.48	2.18	6.99	2.35			4.73	2.68	13
CliffDivers	8180	7.12	1.88	6.59	2.12	4.97	2.52			4
Skydivers	8185	7.57	1.52	7.27	2.08	5.47	2.42			12
Skysurfer	8186	7.01	1.57	6.84	2.01			5.15	2.36	14
Skier	8190	8.10	1.39	6.28	2.57	6.14	2.74			5
IceClimber	8191	6.07	1.73	6.19	2.17			4.88	2.31	14
VolcanoSkier	8192	5.52	1.53	6.03	1.97			5.17	2	14
Skier	8193	6.73	1.58	6.04	2.19			5.82	2.08	13
WaterSkier	8200	7.54	1.37	6.35	1.98	6.17	1.61			3
Boat	8210	7.53	1.31	5.94	2.07	5.82	1.94			5
Sailboat	8211	5.76	1.89	5.36	2.35			5.13	2.29	13
Runners	8220	6.50	1.73	5.19	2.17	6.28	2.2			4
Boxer	8230	2.95	1.88	5.91	2.15	4.05	2.36			4
Boxer	8231	3.77	1.83	5.24	1.84	4.68	2.2			12
Boxer	8232	5.07	1.80	5.10	2.21	5.57	2.07			11
Motorcyclist	8250	6.19	1.62	5.04	2.49	5.63	2.07			5
Motorcycle	8251	6.16	1.68	6.05	2.12			5.87	2.24	14
Motorcyclist	8260	6.18	1.80	5.85	2.18	5.29	1.96			6
Diver	8280	6.38	1.46	5.05	2.18	5.85	1.95			6
Pilot	8300	7.02	1.60	6.14	2.21	5.31	2.31			5
Golfer	8311	5.88	1.67	3.57	2.35	5.8	1.74			6
CarRacer	8320	6.24	1.78	4.27	2.21	5.51	1.79			6
Winner	8330	6.65	1.39	4.06	2.28	5.56	1.59			5
Plane	8340	6.85	1.69	5.80	2.36	5.77	2.23			6
Wingwalker	8341	6.25	1.86	6.40	2.27			4.66	2.31	13
TennisPlayer	8350	7.18	1.56	5.18	2.28	5.78	1.76			5
Rafting	8370	7.77	1.29	6.73	2.24	5.37	2.02			5
Athletes	8380	7.56	1.55	5.74	2.32	5.8	2.02			6
Rafters	8400	7.09	1.52	6.61	1.86	4.63	2.14			6
Tubing	8420	7.76	1.55	5.56	2.38	6.05	2.19			6
Runner	8460	6.40	1.58	4.55	2.57	5.76	1.7			5
HappyTeens	8461	7.22	1.53	4.69	2.20	6.36	1.67			10
Runner	8465	5.96	1.49	3.93	2.34	5.97	1.63			10
Gymnast	8470	7.74	1.53	6.14	2.19	6.17	2.09			6
Biking/train	8475	4.85	1.85	6.52	1.91			4.55	2.19	14
BikerOnFire	8480	3.70	2.03	6.28	2.10	4	2.19			4
Fire	8485	2.73	1.62	6.46	2.10			3.25	2.2	14
RollerCoaster	8490	7.20	2.35	6.68	1.97	5.37	2.46			4
WaterSlide	8496	7.58	1.63	5.79	2.26	6.33	2.18			9
CarnivalRide	8497	7.26	1.44	4.19	2.18	6.22	1.87			10
Gold	8500	6.96	1.64	5.60	2.40	5.87	2.14			3
Money	8501	7.91	1.66	6.44	2.29	6.05	2.52			6
Money	8502	7.51	1.72	5.78	2.49	6.4	2.54			9
Money	8503	7.02	1.71	5.22	2.59	6.33	2.2			10
SportCar	8510	7.32	1.72	4.93	2.56	6.54	2.26			4
SportCar	8531	7.03	1.50	5.41	2.15	6.77	1.69			8
Athletes	8540	7.48	1.51	5.16	2.37	5.88	1.91			5
Mascot	8600	6.38	1.61	4.26	2.24	5.54	1.93			6
Woman	8620	6.04	1.43	4.60	2.08			5.83	1.84	14
Cemetery	9000	2.55	1.55	4.06	2.25	3.25	2.13			2
Cemetery	9001	3.10	2.02	3.67	2.30	3.47	1.9			5
HIVTattoo	9005	3.69	2.23	5.18	2.11	4.3	2.31			8
HIVTattoo	9006	2.34	1.59	5.76	2.46	3.33	2.42	3.08	2.22	7
Needles	9007	2.49	1.41	5.03	2.32	4.18	2.27			8
Needle	9008	3.47	1.85	4.45	2.10	5.3	2.21	4.75	1.86	7
BarbedWire	9010	3.94	1.70	4.14	2.05	4.06	1.96			2
StarvingChild	9040	1.67	1.07	5.82	2.15	3.1	2			2
ScaredChild	9041	2.98	1.58	4.64	2.26	4.38	2.34			9
StickThruLip	9042	3.15	1.89	5.78	2.48	4.37	2.16			10
NativeFem	9045	3.75	1.67	3.89	2.16	5.03	2.18			9
Family	9046	3.32	1.49	4.31	1.99	4.61	2.05			12
PlaneCrash	9050	2.43	1.61	6.36	1.97	3.27	2.06			2
Boy	9070	5.01	1.89	3.63	2.03	5.67	1.98			2
Wires	9080	4.07	1.45	4.36	2.17	4.05	1.98			2
Exhaust	9090	3.56	1.50	3.97	2.12	4.51	1.91			2
Exhaust	9090	3.69	1.92	4.80	2.23	4.72	2.14			3
Cocaine	9101	3.62	1.96	4.02	2.33	5.35	2.47			9
Heroin	9102	3.34	1.76	4.84	2.50	4.64	2.42			9
Puddle	9110	3.76	1.41	3.98	2.23	4.88	1.68			2
OilFires	9120	3.20	1.75	5.77	1.94	3.79	2.01			6
Cow	9140	2.19	1.37	5.38	2.19	3.85	1.95			2
Plane	9156	6.43	1.59	5.79	2.30	6.04	2.05			11
Soldier	9160	3.23	1.64	5.87	1.93	3.8	2.08			2
Fisher	9171	4.01	1.94	4.72	2.17			5.17	2.23	13
Seal	9180	2.99	1.61	5.02	2.09	4.52	2.09			2
DeadCows	9181	2.26	1.85	5.39	2.41	4.04	2.27			8
Horses	9182	3.52	2.04	4.98	2.07	4.97	2.32	4.45	1.8	7
Woman	9190	3.90	1.44	3.91	1.73	4.89	1.81			2
Rain	9210	4.53	1.82	3.08	2.13	4.55	1.9			5
Cemetery	9220	2.06	1.54	4.00	2.09	3.13	1.97			6
OilFire	9230	3.89	1.58	5.77	2.36	3.73	1.88			5
WarVictim	9250	2.57	1.39	6.60	1.87	3.73	1.94			3
DeadBody	9252	1.98	1.59	6.64	2.33	2.92	2.28	2.77	1.82	7
Mutilation	9253	2.00	1.19	5.53	2.40	3.77	2.17			9
HungMan	9265	2.60	1.52	4.34	2.09	4.6	2.37			9
ToxicWaste	9270	3.72	1.51	5.24	2.15	4.04	2.05			3
Smoke	9280	2.80	1.54	4.26	2.44	4.1	2.54			9
Garbage	9290	2.88	1.52	4.40	2.11	4.9	2.18			4
Dirty	9300	2.26	1.76	6.00	2.41	4.12	2.57			4
Toilet	9301	2.26	1.56	5.28	2.46			4.11	2.32	14
Vomit	9320	2.65	1.92	4.93	2.70	4.44	2.09			5
Garbage	9330	2.89	1.74	4.35	2.07	4.33	1.93			5
HomelessMan	9331	2.87	1.28	3.85	2.00	4.72	2.15			10
Garbage	9340	2.41	1.48	5.16	2.35	4.24	2.17			6
Pollution	9341	3.38	1.89	4.50	2.10			4.39	2.06	13
Pollution	9342	2.85	1.41	4.49	1.88			4.22	2.16	14
EmptyPool	9360	4.03	1.38	2.63	1.75	5.34	2.08			10
Garbage	9373	3.38	1.48	5.01	2.16	4.86	2.22	4.73	1.84	7
Dishes	9390	3.67	1.58	4.14	2.52	5.22	1.97			5
Soldier	9400	2.50	1.61	5.99	2.15	3.78	2.15			4
Knives	9401	4.53	1.31	3.88	1.98	5.29	1.88			8
Mob	9402	4.48	2.12	5.07	2.15	4.85	2.12			8
Soldiers	9404	3.71	1.67	4.67	2.26	4.48	2.19			8
SlicedHand	9405	1.83	1.17	6.08	2.40	3.4	2.33			10
MenW/guns	9409	3.34	1.76	5.61	2.15			4.07	2.33	14
Soldier	9410	1.51	1.15	7.07	2.06	2.81	1.99			4
Boy	9411	4.63	1.58	5.37	1.97	4.91	2.05	4.92	2.08	7
Handicapped	9415	2.82	2.00	4.91	2.35	4.22	2.24			8
Ticket	9417	3.16	1.48	4.83	2.24	3.7	2.42			10
Soldier	9420	2.31	1.59	5.69	2.28	3.27	2.19			4
Soldier	9421	2.21	1.45	5.04	2.15	3.32	2.09			6
Burial	9430	2.63	1.59	5.26	2.55	4.14	2.44			4
Mastectomy	9432	2.56	1.66	4.92	2.28	3.83	2.13	3.24	1.72	7
DeadMan	9433	1.84	1.19	5.89	2.60	3.37	2.16			10
Accident	9435	2.27	1.47	5.00	2.03			3.64	2.15	13
Skulls	9440	3.67	1.86	4.55	2.02	4.69	2.27			4
Gun	9452	3.19	1.98	5.14	2.30	4.09	2.34	3.18	2.07	7
Ruins	9470	3.05	1.51	5.05	1.98	4.11	2.06	3.57	1.8	7
BurntBldg	9471	3.16	1.35	4.48	2.02			4.22	2.13	14
Bridge	9472	4.07	1.34	4.16	2.00			4.79	2.09	14
Skull	9480	3.51	2.08	5.57	1.87	4.56	2.12			12
Corpse	9490	3.60	1.72	5.57	2.13	4.12	1.78			5
Fire	9495	3.34	1.75	5.57	2.00			4.16	2.29	14
Porpoises	9500	2.42	1.73	5.82	2.29	3.42	2.31			4
Kids	9520	2.46	1.61	5.41	2.27	4.01	2.06			6
Boys	9530	2.93	1.84	5.20	2.26	4.32	2.14			5
DuckInOil	9560	2.12	1.93	5.50	2.52	3.62	2.33			5
SickKitty	9561	2.68	1.92	4.79	2.29	4.53	2.36			10
Dog	9570	1.68	1.23	6.14	2.31	3.37	2.23			6
Cat	9571	1.96	1.50	5.64	2.50	4.17	2.46	3.44	2.03	7
DentalExam	9582	4.18	2.28	5.29	2.21	4.33	2.29			12
DentalExam	9584	3.34	1.57	4.96	2.15	3.94	2.41			11
Injection	9592	3.34	1.75	5.23	2.09	4.14	2.28			12
Injection	9594	3.76	1.70	5.17	2.17	4.43	2.25			11
Ship	9600	2.48	1.62	6.46	2.31	2.27	1.64			5
PlaneCrash	9611	2.71	1.95	5.75	2.44	3.67	2.23			8
Shipwreck	9620	2.70	1.64	6.11	2.10	3.29	1.95			8
Ship	9621	3.22	1.76	5.76	2.05	3.55	2.4	3.23	1.81	7
Jet	9622	3.10	1.90	6.26	1.98	3.66	2.31	3.32	1.98	7
Bomb	9630	2.96	1.72	6.06	2.22	2.98	2.13			6
Trash	9700	4.77	1.24	3.21	1.92	5.47	2.08			9
Skinhead	9800	2.04	1.57	6.05	2.71	4.92	2.52			5
KKKrally	9810	2.09	1.78	6.62	2.26	3.95	2.5			6
Cigarettes	9830	2.54	1.75	4.86	2.63	4.96	2.38			6
CarAccident	9910	2.06	1.26	6.20	2.16	3.02	1.89			5
CarAccident	9911	2.30	1.37	5.76	2.10	3.54	2.13	2.99	1.59	7
Firefighter	9912	3.46	1.76	4.68	2.31	4.62	2.12			8
Truck	9913	4.38	1.89	4.42	2.14			4.74	2.27	13
CarAccident	9920	2.50	1.52	5.76	1.96	3.09	2.13			6
Fire	9921	2.04	1.47	6.52	1.94	3.57	2.41	2.94	1.72	7
ManInPool	2055.1	3.15	1.84	4.95	2.11			4.31	2.1	14
ManInPool	2055.2	6.40	1.75	4.45	2.18			5.65	2.14	13
Kiss	2352.1	7.27	1.79	5.16	2.17	6.04	1.79			11
BloodyKiss	2352.2	2.09	1.50	6.25	2.10	3.45	1.94			12
Woman	2375.1	2.20	1.31	4.88	2.21			3.75	2.28	14
AttractiveFem	2375.2	6.34	1.54	4.30	2.29			5.75	2	13
Shopping	2745.1	5.31	1.08	3.26	1.96			6.29	1.96	14
Shoplifter	2745.2	3.91	2.00	5.17	2.14			5.44	2.12	13
CryingBoy	2900.1	2.56	1.41	4.61	2.07	4.83	2.26			11
SmilingGirl	2900.2	6.62	1.97	4.52	1.92	5.73	1.95			12
OpenGrave	3005.1	1.63	1.19	6.20	2.54			2.77	2.24	14
Gold	3005.2	5.98	1.90	4.84	2.18			5.97	1.97	13
PlaneCrash	3550.1	2.35	1.39	6.29	1.96	3.47	2.1			12
Coach	3550.2	4.92	1.62	5.13	2.24	5.38	2.02			11
Erotic	4664.1	5.63	2.61	6.63	1.87	5.23	2.37			12
Attack	4664.2	2.79	1.77	6.13	2.29	3.33	2.4			11
AimedGun	6250.1	2.63	1.74	6.92	1.92	2.6	2.02			12
IceCream	6250.2	6.32	1.70	5.13	2.06	5.63	2.1			11
Suicide	6570.1	2.54	1.76	6.12	2.17	3.46	2.36			12
BlowDry	6570.2	4.86	0.95	3.85	1.93	5.66	1.77			11
ManOnFire	9635.1	1.90	1.31	6.54	2.27			3.21	2.24	14
Fire	9635.2	4.38	1.65	4.62	2.23			5.12	2.04	13
Snake	1026	4.09	1.91	5.61	2.23			4.43	2.39	16
PolarBears	1441	7.97	1.28	3.94	2.38			6.34	2.01	15
Mole	1617	4.23	1.68	5.34	2.41			4.62	1.87	16
Buffalo	1675	5.24	1.48	4.37	2.15			4.63	2.1	15
Woman	2037	6.42	1.24	3.35	2.04			6.21	1.84	15
NeuWoman	2038	5.09	1.35	2.94	1.93			6.36	1.85	16
NeuMan	2102	5.16	0.96	3.03	1.87			5.8	1.77	16
NeuWoman	2104	4.42	1.09	3.11	1.84			5.45	1.84	15
Mother	2152	6.93	1.42	4.50	2.25			5.99	1.87	16
Mother	2153	6.98	1.50	4.40	2.24			6.23	1.87	15
Family	2154	8.03	1.13	4.48	2.31			6.38	1.9	16
Woman	2305	5.41	1.12	3.63	2.04			5.53	1.49	16
Boy	2306	7.08	1.37	4.46	2.11			6.02	1.8	15
Family	2332	7.64	1.60	4.30	2.29			6.37	1.91	15
Father	2339	6.72	1.34	4.16	1.90			6.03	1.66	15
Family	2358	6.56	1.70	3.73	2.04			5.83	1.95	15
Girl&Dog	2362	6.74	1.34	4.60	2.09			6.01	1.72	15
Band	2373	6.97	1.32	4.50	2.08			5.95	1.58	16
Couple	2396	4.91	1.05	3.34	1.83			5.59	1.59	16
Men	2397	4.98	1.11	2.77	1.74			5.64	1.92	15
Boat	2398	7.48	1.32	4.74	2.11			6.18	1.89	16
Feet	2445	5.39	1.39	3.83	1.91			5.68	1.67	16
Boots	2446	4.70	1.04	3.79	1.88			5.51	1.91	15
Woman	2506	5.67	1.23	3.50	1.94			5.8	1.82	15
Man	2512	4.86	0.84	3.46	1.75			5.47	1.53	16
Woman	2513	5.80	1.29	3.29	1.67			5.92	1.71	15
Men	2593	5.80	1.34	3.42	1.84			5.91	1.69	16
City	2594	6.05	1.31	3.84	1.98			5.78	1.85	15
Market	2597	5.61	1.26	4.09	2.10			5.18	1.83	16
Family	2598	7.19	1.30	3.73	1.84			6.07	1.79	15
Dance	2605	6.26	1.45	5.03	2.16			5.91	1.86	16
Dance	2606	5.92	1.58	4.78	2.21			6.12	1.79	15
SadChildren	2703	1.91	1.26	5.78	2.25			3.15	1.95	16
Soldiers	2704	4.85	1.89	5.30	2.16			4.86	1.96	15
Pipe	2716	3.54	1.79	4.97	2.24			4.7	2.29	16
DrugAddict	2717	2.58	1.32	5.70	2.16			3.91	2.39	16
DrugAddict	2718	3.65	1.58	4.46	2.03			5.21	2.21	15
Mask	2770	4.37	1.69	5.11	2.05			4.82	1.95	15
Funeral	2799	2.42	1.41	5.02	1.99			3.56	2.06	15
Gun	2811	2.17	1.38	6.90	2.22			2.55	2.21	15
Mutilation	3016	1.90	1.31	5.82	2.44			3.07	2.09	16
Mutilation	3017	2.45	1.35	5.34	2.39			3.65	2.03	15
BatteredFem	3191	1.95	1.22	5.95	2.17			3.19	2.08	15
BurnVictim	3215	2.51	1.32	5.44	2.16			3.89	1.92	16
MedicalAssist	3216	3.28	1.64	5.37	2.00			4.31	2.04	15
Mutilation	3225	1.82	1.22	5.95	2.46			3.08	2.15	15
SickBaby	3302	4.50	2.48	5.70	2.27			4.67	2.28	16
EroticFemale	4006	6.05	1.70	5.27	2.27			5.54	1.97	15
EroticFemale	4225	6.09	1.82	5.39	2.38			5.49	1.94	15
EroticFemale	4311	6.66	1.76	6.67	2.19			5.69	2.25	16
BeachBoys	4542	6.33	1.92	5.08	2.41			5.66	1.84	16
EroticMale	4559	5.53	1.80	4.83	2.29			5.62	1.8	15
AttractiveMan	4574	6.62	1.62	4.25	2.29			5.7	1.68	16
EroticCouple	4643	6.84	1.54	6.01	2.00			5.64	2.1	16
EroticCouple	4645	6.73	1.59	5.69	2.16			6.09	1.98	16
EroticCouple	4647	5.89	1.95	6.21	2.26			5.52	2.17	15
EroticCouple	4649	5.77	2.01	5.99	2.25			5.13	1.98	16
EroticCouple	4694	6.69	1.70	6.42	2.08			5.85	2.09	15
EroticCouple	4695	6.84	1.53	6.61	1.88			5.95	2.05	16
Satellite	5471	5.21	1.18	3.26	2.05			5.63	1.82	16
Mountains	5631	7.29	1.34	3.86	2.64			6.23	2.15	16
WinterStreet	5635	6.25	1.56	3.97	2.03			5.69	1.98	15
Field	5764	6.74	1.64	3.55	2.32			6.09	1.81	16
Lake	5781	7.13	1.49	3.82	2.37			6.28	1.9	15
Mountain	5814	7.15	1.54	4.82	2.40			5.86	2.05	15
Beach	5833	8.22	1.08	5.71	2.66			6.97	1.93	16
Beach	5836	7.25	1.39	4.28	2.41			5.92	2.02	15
Tornado	5961	3.52	1.86	5.80	2.37			3.21	2.24	15
Tornado	5973	3.51	1.83	5.78	2.27			2.94	2.01	16
Assault	6021	2.21	1.51	6.06	2.38			3.39	2.31	15
Assault	6022	2.14	1.55	6.09	2.47			3.23	2.14	16
Attack	6562	3.19	1.34	5.08	2.39			3.99	2.03	16
Military	6825	2.81	1.19	5.36	2.19			3.8	1.98	15
Barbells	7042	5.55	1.23	4.02	2.26			6.4	2.06	15
Drill	7043	5.17	1.26	3.68	2.09			6.38	1.93	16
Scale	7044	4.69	1.40	3.94	2.17			5.16	2.28	15
Pill	7046	4.18	1.38	4.14	2.04			5.22	2.11	16
Clothespins	7052	5.33	1.32	3.01	2.02			6.19	1.86	16
Candlestick	7053	5.22	0.75	2.95	1.91			5.87	1.99	15
Glass	7054	4.14	1.09	4.08	2.13			4.78	1.91	16
Lightbulb	7055	4.90	0.64	3.02	1.83			5.73	1.86	15
Tool	7056	5.07	1.02	3.07	1.92			6.38	2.1	15
Coffeecup	7057	5.35	1.37	3.39	2.01			6.04	2.06	16
Dice	7058	5.29	1.38	3.98	2.17			5.66	2.31	15
Keyring	7059	4.93	0.81	2.73	1.88			6.22	1.98	16
AbstractArt	7188	5.50	1.12	4.28	2.16			5.61	1.94	16
Vase	7192	5.77	1.33	3.58	2.01			5.76	1.83	15
Building	7242	5.28	1.45	3.83	2.06			5.72	1.85	16
AbstractArt	7247	5.05	1.00	4.14	2.23			5.05	1.99	15
AbstractArt	7248	5.22	1.07	4.22	2.11			5.07	1.87	16
AbstractArt	7249	5.24	1.04	3.97	2.08			5.5	1.8	15
Lamb	7482	6.36	1.77	4.81	2.24			6.29	2.13	15
Fish	7484	4.99	1.97	4.24	2.23			6.06	1.79	16
Pastry	7487	4.92	1.57	4.08	2.00			5.3	1.89	15
Chicken	7488	6.19	1.98	4.96	2.36			6.22	1.95	16
Casino	7506	5.34	1.46	4.25	1.95			5.37	1.97	15
FerrisWheel	7508	7.02	1.46	5.09	2.11			5.22	1.96	16
Bridge	7546	5.40	1.13	3.72	2.16			5.48	2	15
Bridge	7547	5.21	0.96	3.18	2.01			5.76	2	16
Waterskiing	8205	6.62	1.42	4.17	1.93			5.86	1.79	15
Rowing	8241	5.76	1.31	4.06	1.96			6.18	1.72	16
Rafting	8371	6.82	1.45	5.12	2.30			5.59	1.87	16
Nudists	8466	4.86	1.77	4.92	2.09			5.11	2.06	15
Runners	8467	6.35	1.44	5.12	2.36			5.79	2.07	16
Rollercoaster	8499	7.63	1.41	6.07	2.31			5.51	2.1	16
Assault	9254	2.03	1.35	6.04	2.35			3.08	1.95	15
Assault	9419	2.55	1.33	5.19	2.08			3.94	2.05	16
Assault	9423	2.61	1.51	5.66	2.15			3.43	2.13	16
Bomb	9424	2.87	1.62	5.78	2.12			3.78	2.17	16
Assault	9425	2.67	1.44	5.92	2.13			3.22	2.12	15
Assault	9426	3.08	1.51	5.28	2.02			3.5	1.95	15
Assault	9427	2.89	1.47	5.50	2.09			3.72	2.11	15
Assault	9428	2.31	1.31	5.66	2.41			3.77	2.16	15
Assault	9429	2.68	1.26	5.63	2.04			3.68	1.96	16
CarAccident	9900	2.46	1.39	5.58	2.13			3.63	2.05	15
CarAccident	9901	2.27	1.25	5.70	2.22			3.4	2.12	15
CarAccident	9902	2.33	1.38	6.00	2.15			3.08	2.1	16
CarAccident	9903	2.36	1.35	5.71	2.28			3.58	2.24	16
Fire	9925	2.84	1.35	5.59	2.23			3.5	2.08	16
Flood	9926	3.85	1.59	4.83	1.95			4.37	2	16

